# From Mishima, PRL 85 2 (2000)
# Pressure (GPa) Temperature (K)
0.18589266771742818 232.93080864258505
0.1807364922030346 232.5445464188931
0.17994498533371697 232.22038505971733
0.17598186792185425 231.4437377333614
0.15932801367421526 229.50649997637936
0.15933230833981113 228.8571465382848
0.15536489626235253 228.72985265002342
0.1545738188595945 228.3407559470382
0.14624775066889414 227.24226638092827
0.14386850592878586 226.98407108530495
0.1450611345647571 226.65862132645043
0.1391138816476055 225.88326239977326
0.13316963499637102 224.6533560664299
0.12999845392038548 224.13593475544027
0.13158748019085495 223.87516266045947
0.1264308752099018 223.55383578057695
0.11889932015443619 222.3249601669766
0.1169173319819452 222.0015718476081
0.11374572143940012 221.54908588042792
0.11295636190288047 220.9002478022049
0.11017986059515478 220.7072455303268
0.10819830188922339 220.31892186714882
0.10780491052064231 219.79969679660894
