# From Mishima, PRL 85 2 (2000)
# Pressure (GPa) Temperature (K)
0.14426027291650603 249.6330275229358
0.12284615681134836 248.60091743119267
0.0959843111556549 246.53669724770643
0.07710180402436201 244.74770642201835
0.07248477372600415 244.40366972477065
0.0682927299360111 243.71559633027525
0.0640958677048801 243.37155963302754
0.060740305296430507 242.95871559633028
0.04731420090972168 241.58256880733947
0.042700061676046557 241.03211009174314
0.03892433120037005 240.61926605504587
0.03431115565492252 240
0.03137865237838255 239.38073394495413
0.027607740343843952 238.6238532110092
0.02550979107239227 238.41743119266056
0.022997455863079184 237.7981651376147
0.020901433968082646 237.454128440367
0.019228471204995774 236.90366972477065
0.017543944183177874 237.17889908256882
0.017553581065453717 236.49082568807341
0.017138231439364736 236.1467889908257
0.01378074165445995 235.87155963302754
0.012527946958599968 235.3211009174312
0.011275152262739958 234.77064220183487
0.008758962300516544 234.42660550458717
0.008346503739110334 233.87614678899084
0.01087329427183719 233.4633027522936
0.0075148407987048055 233.25688073394497
0.004998650836481391 232.91284403669727
0.0033372523321255274 231.53669724770643
0.004605466039626867 230.9862385321101
0.005859224423714449 231.4678899082569
0.006293847814355102 230.4357798165138
0.003350743967311706 230.57339449541286
0.0025007709505820708 231.26146788990826
0.0012344846195358958 231.67431192660553
0.01630656849895922 235.5275229357798
0.01714304988050267 235.80275229357798
0.038929149641507975 240.27522935779817
