# From Mishima, PRL 85 2 (2000)
# Pressure (GPa) Temperature (K)
0.196529265998703 244.67714851383099
0.1652091287411906 240.28190184971248
0.15252010977165262 238.86157004384856
0.14419232371471394 238.02282185297642
0.1350717423887789 237.05471833435692
0.12159808801487673 234.27125966836593
0.11683959853466008 233.7548690771193
0.11208239745412224 233.04367245444433
0.10811799164258076 232.46183115951678
0.10455041293209705 231.87973218465345
0.10217374499134627 231.2319248261734
0.09900084604912238 230.97424489042163
0.0930557404647687 229.87420924469717
0.09067864305745835 229.29133723002658
0.08790214174973268 229.09833495814848
0.08393902433786993 228.32168763179257
0.07997504799288807 227.67491099305553
0.0823555811326751 227.73830025725047
0.07958165662430697 227.15568592251566
