# From Mishima, PRL 85 2 (2000)
# Pressure (GPa) Temperature (K)
0.1535126435895459 219.01376146788994
0.1568672423097679 219.4954128440367
0.15980360033921823 219.8394495412844
0.16105639503507824 220.38990825688074
0.16651376146788988 220.73394495412845
0.16399082568807336 220.87155963302754
0.16608492020661472 221.35321100917432
0.16860785598643124 221.21559633027525
0.16817997841338367 221.76605504587158
0.17069616837560708 222.11009174311928
0.17405365816051188 222.38532110091745
0.17614775267905325 222.86697247706422
0.17950138771104768 223.41743119266056
0.17196341839488086 221.62844036697248
0.1828579138077249 223.76146788990826
0.18579234446072004 224.24311926605506
0.1836857219952201 224.6559633027523
0.18662400740112556 224.86238532110093
0.19040166525325725 225.1376146788991
0.19543789993061442 225.55045871559633
0.1971166448230668 225.68807339449543
0.1954311541130213 226.03211009174314
0.19836558476601646 226.5137614678899
