0.18618825816528908 219.31081756836477
0.19868523814607333 222.35050202551986
0.21294534748481556 225.19859084498734
0.2307384579079554 227.8539602986869
0.24853156833109522 230.5093297523865
0.2698846493125593 233.73386747874747
0.29123773029402333 236.95840520510845
0.3143404558964822 239.6104034745672
0.34455638024710766 243.21026637974143
0.3694424623129694 246.24208474033452
0.3961051584737525 249.46325128245465
0.42097775580265084 252.11412582383312
0.4511734530478314 255.1425730001854
0.4849223784828547 258.5497165395917
