# T (K), P (bar), error (bar)
2.250000000000000000e+02 3.530250000000000000e+03 4.653157530107915818e+01
2.275000000000000000e+02 3.457500000000000000e+03 3.933509883043387134e+01
2.300000000000000000e+02 3.381250000000000000e+03 3.503837182290295971e+01
2.325000000000000000e+02 3.302250000000000000e+03 3.361082414937187934e+01
2.350000000000000000e+02 3.220500000000000000e+03 3.458684721104252446e+01
2.375000000000000000e+02 3.135000000000000000e+03 3.792756253702576430e+01
2.400000000000000000e+02 3.045250000000000000e+03 4.365418078489161502e+01
2.425000000000000000e+02 2.951250000000000000e+03 5.179466671386157373e+01
2.450000000000000000e+02 2.852250000000000000e+03 6.198538134108719078e+01
2.475000000000000000e+02 2.743500000000000000e+03 6.383768479511142147e+01
2.500000000000000000e+02 2.632000000000000000e+03 6.743515403704509481e+01
2.525000000000000000e+02 2.518500000000000000e+03 7.136700918491681023e+01
2.550000000000000000e+02 2.404500000000000000e+03 7.476128677330267180e+01
2.575000000000000000e+02 2.290500000000000000e+03 7.695940488335392615e+01
2.600000000000000000e+02 2.177500000000000000e+03 7.916280692345364400e+01
2.625000000000000000e+02 2.065500000000000000e+03 7.997030698953206240e+01
2.650000000000000000e+02 1.955000000000000000e+03 8.016233529532432556e+01
2.675000000000000000e+02 1.847750000000000000e+03 7.623114520981565079e+01
2.700000000000000000e+02 1.746000000000000000e+03 6.625707509390977634e+01
2.725000000000000000e+02 1.648500000000000000e+03 5.265690837867335006e+01
2.750000000000000000e+02 1.551250000000000000e+03 4.097178907492325095e+01
2.775000000000000000e+02 1.449750000000000000e+03 4.344177137272374267e+01
